0 0.11859188544152745 0.4805 0.23121718377088304 0.4713333333333333
0 0.3024343675417661 0.5715833333333333 0.10515513126491648 0.3411666666666667
0 0.44637231503579955 0.5846666666666667 0.16183770883054893 0.4453333333333333
0 0.6481145584725537 0.5169166666666667 0.1730310262529833 0.5650833333333334
0 0.7652267303102626 0.7083333333333334 0.04625298329355609 0.20833333333333334
0 0.902744630071599 0.487 0.19451073985680192 0.6615
0 0.5018615751789977 0.5365 0.9962768496420048 0.599
1 0.13498806682577566 0.10808333333333334 0.20286396181384247 0.21616666666666667
1 0.3680668257756563 0.11983333333333333 0.22599045346062052 0.15625
1 0.597780429594272 0.11458333333333333 0.11708830548926015 0.22916666666666666
1 0.7081622911694512 0.13025 0.08427207637231504 0.18233333333333332