1 0.1703125 0.3703125 0.33671875 0.471875
1 0.47734375 0.125 0.25703125 0.2375
1 0.2171875 0.075 0.228125 0.11875
1 0.9046875 0.69375 0.18515625 0.49375
1 0.66953125 0.778125 0.2671875 0.325
1 0.4796875 0.865625 0.12265625 0.075
0 0.38671875 0.775 0.10078125 0.09375
0 0.41953125 0.3640625 0.040625 0.065625
0 0.55390625 0.325 0.12265625 0.08125
0 0.47265625 0.5109375 0.084375 0.096875
1 0.4671875 0.6546875 0.11796875 0.103125
1 0.87734375 0.11875 0.240625 0.19375
1 0.71640625 0.334375 0.115625 0.25625